926877758
6699312679
1087968824
6202178245
1975495849
5895906436
365536336
6113939627
5826338580
5835193107
647964451
1076515841
1328553279
397711772
1828013805
1568347090
6264652962
2053918570
6452960567
609291432
5806409403
5864941493
6077275652
5201739719
899531393
5249898958
5908090307
1655721946
5168967265
6471563988
5915432940
5862455040
1678728153
6168995319
6536536656
1990163562
6248321889
5476886418
5093838144
6202513719
5144127436
1923971177
5916256151
5970139450
1995936105
1772979341
